-2 1.14492 0.154948 0.175918 0.220696
-1.99 1.14648 0.156718 0.178141 0.223915
-1.98 1.14806 0.158511 0.180397 0.227189
-1.97 1.14965 0.160326 0.182685 0.23052
-1.96 1.15126 0.162165 0.185007 0.233909
-1.95 1.15289 0.164027 0.187363 0.237357
-1.94 1.15454 0.165912 0.189755 0.240865
-1.93 1.15621 0.167822 0.192181 0.244435
-1.92 1.1579 0.169756 0.194643 0.248067
-1.91 1.15961 0.171715 0.197143 0.251763
-1.9 1.16133 0.173699 0.199679 0.255525
-1.89 1.16308 0.175709 0.202253 0.259353
-1.88 1.16485 0.177744 0.204866 0.263249
-1.87 1.16664 0.179806 0.207518 0.267214
-1.86 1.16844 0.181895 0.210211 0.271251
-1.85 1.17027 0.18401 0.212944 0.27536
-1.84 1.17212 0.186154 0.215718 0.279542
-1.83 1.174 0.188325 0.218535 0.283801
-1.82 1.17589 0.190525 0.221394 0.288136
-1.81 1.17781 0.192753 0.224298 0.29255
-1.8 1.17975 0.195011 0.227246 0.297044
-1.79 1.18171 0.197298 0.230239 0.301621
-1.78 1.18369 0.199616 0.233278 0.306281
-1.77 1.1857 0.201964 0.236365 0.311027
-1.76 1.18773 0.204343 0.239499 0.31586
-1.75 1.18979 0.206754 0.242682 0.320783
-1.74 1.19187 0.209197 0.245915 0.325797
-1.73 1.19397 0.211672 0.249199 0.330904
-1.72 1.1961 0.214181 0.252534 0.336106
-1.71 1.19825 0.216723 0.255921 0.341406
-1.7 1.20043 0.2193 0.259362 0.346806
-1.69 1.20264 0.221911 0.262857 0.352307
-1.68 1.20487 0.224557 0.266408 0.357912
-1.67 1.20713 0.227239 0.270016 0.363623
-1.66 1.20942 0.229957 0.273681 0.369443
-1.65 1.21173 0.232713 0.277405 0.375373
-1.64 1.21407 0.235506 0.281189 0.381418
-1.63 1.21644 0.238337 0.285034 0.387578
-1.62 1.21884 0.241207 0.288941 0.393857
-1.61 1.22127 0.244116 0.292912 0.400257
-1.6 1.22372 0.247065 0.296947 0.406781
-1.59 1.22621 0.250055 0.301048 0.413432
-1.58 1.22872 0.253086 0.305216 0.420212
-1.57 1.23127 0.25616 0.309452 0.427125
-1.56 1.23385 0.259276 0.313759 0.434174
-1.55 1.23645 0.262435 0.318136 0.441361
-1.54 1.23909 0.265639 0.322586 0.448691
-1.53 1.24177 0.268887 0.327111 0.456165
-1.52 1.24447 0.272181 0.33171 0.463788
-1.51 1.24721 0.275521 0.336387 0.471563
-1.5 1.24998 0.278909 0.341142 0.479494
-1.49 1.25279 0.282344 0.345977 0.487584
-1.48 1.25563 0.285829 0.350894 0.495836
-1.47 1.25851 0.289363 0.355895 0.504256
-1.46 1.26142 0.292947 0.36098 0.512845
-1.45 1.26437 0.296583 0.366152 0.52161
-1.44 1.26735 0.30027 0.371413 0.530553
-1.43 1.27037 0.304011 0.376764 0.539679
-1.42 1.27343 0.307806 0.382207 0.548993
-1.41 1.27653 0.311656 0.387744 0.558498
-1.4 1.27966 0.315561 0.393377 0.5682
-1.39 1.28284 0.319523 0.399109 0.578102
-1.38 1.28605 0.323544 0.40494 0.588211
-1.37 1.28931 0.327623 0.410874 0.598531
-1.36 1.29261 0.331761 0.416912 0.609067
-1.35 1.29595 0.335961 0.423056 0.619824
-1.34 1.29933 0.340223 0.429309 0.630807
-1.33 1.30275 0.344548 0.435673 0.642023
-1.32 1.30622 0.348937 0.44215 0.653477
-1.31 1.30973 0.353391 0.448743 0.665175
-1.3 1.31329 0.357912 0.455454 0.677123
-1.29 1.31689 0.362501 0.462286 0.689326
-1.28 1.32054 0.367158 0.469242 0.701792
-1.27 1.32423 0.371886 0.476323 0.714527
-1.26 1.32797 0.376685 0.483533 0.727538
-1.25 1.33176 0.381557 0.490875 0.740831
-1.24 1.3356 0.386503 0.498351 0.754414
-1.23 1.33949 0.391524 0.505964 0.768293
-1.22 1.34344 0.396623 0.513718 0.782478
-1.21 1.34743 0.401799 0.521615 0.796974
-1.2 1.35147 0.407055 0.529658 0.811791
-1.19 1.35557 0.412393 0.537852 0.826936
-1.18 1.35972 0.417813 0.546198 0.842418
-1.17 1.36393 0.423317 0.554701 0.858246
-1.16 1.36819 0.428908 0.563364 0.874428
-1.15 1.3725 0.434585 0.572191 0.890973
-1.14 1.37688 0.440352 0.581185 0.907892
-1.13 1.38131 0.446209 0.59035 0.925193
-1.12 1.3858 0.45216 0.59969 0.942887
-1.11 1.39035 0.458204 0.609209 0.960985
-1.1 1.39497 0.464344 0.618911 0.979496
-1.09 1.39964 0.470583 0.6288 0.998431
-1.08 1.40438 0.476921 0.638881 1.0178
-1.07 1.40918 0.483361 0.649158 1.03762
-1.06 1.41405 0.489905 0.659635 1.0579
-1.05 1.41898 0.496554 0.670318 1.07865
-1.04 1.42398 0.503312 0.68121 1.09988
-1.03 1.42905 0.510179 0.692317 1.12162
-1.02 1.43418 0.517159 0.703644 1.14386
-1.01 1.43939 0.524253 0.715196 1.16663
-1 1.44467 0.531464 0.726978 1.18993
-0.99 1.45002 0.538793 0.738996 1.21379
-0.98 1.45544 0.546244 0.751256 1.23822
-0.97 1.46094 0.553819 0.763763 1.26324
-0.96 1.46652 0.56152 0.776523 1.28885
-0.95 1.47218 0.569351 0.789542 1.31508
-0.94 1.47791 0.577312 0.802826 1.34195
-0.93 1.48372 0.585408 0.816383 1.36946
-0.92 1.48962 0.593641 0.830218 1.39765
-0.91 1.4956 0.602013 0.844338 1.42653
-0.9 1.50166 0.610528 0.858751 1.45612
-0.89 1.50781 0.619189 0.873463 1.48643
-0.88 1.51404 0.627999 0.888482 1.51749
-0.87 1.52037 0.63696 0.903815 1.54933
-0.86 1.52678 0.646076 0.919471 1.58195
-0.85 1.53329 0.655351 0.935457 1.61539
-0.84 1.53989 0.664786 0.951782 1.64967
-0.83 1.54659 0.674387 0.968453 1.68481
-0.82 1.55338 0.684157 0.985481 1.72084
-0.81 1.56027 0.694098 1.00287 1.75778
-0.8 1.56726 0.704215 1.02064 1.79567
-0.79 1.57435 0.714512 1.03879 1.83452
-0.78 1.58155 0.724992 1.05733 1.87436
-0.77 1.58885 0.73566 1.07628 1.91523
-0.76 1.59626 0.746519 1.09564 1.95716
-0.75 1.60379 0.757574 1.11543 2.00017
-0.74 1.61142 0.768829 1.13565 2.0443
-0.73 1.61916 0.780289 1.15632 2.08959
-0.72 1.62702 0.791957 1.17744 2.13606
-0.71 1.635 0.803839 1.19904 2.18375
-0.7 1.6431 0.81594 1.22112 2.2327
-0.69 1.65132 0.828264 1.2437 2.28295
-0.68 1.65967 0.840816 1.26679 2.33453
-0.67 1.66814 0.853601 1.2904 2.3875
-0.66 1.67674 0.866625 1.31454 2.44188
-0.65 1.68547 0.879894 1.33924 2.49773
-0.64 1.69434 0.893412 1.3645 2.55508
-0.63 1.70334 0.907186 1.39035 2.61399
-0.62 1.71248 0.921221 1.41679 2.6745
-0.61 1.72177 0.935523 1.44384 2.73667
-0.6 1.73119 0.9501 1.47153 2.80054
-0.59 1.74077 0.964956 1.49986 2.86617
-0.58 1.75049 0.980099 1.52885 2.93361
-0.57 1.76037 0.995535 1.55854 3.00293
-0.56 1.77041 1.01127 1.58892 3.07417
-0.55 1.7806 1.02732 1.62003 3.14741
-0.54 1.79095 1.04368 1.65187 3.2227
-0.53 1.80147 1.06036 1.68449 3.30012
-0.52 1.81216 1.07737 1.71788 3.37972
-0.51 1.82302 1.09472 1.75209 3.46158
-0.5 1.83406 1.11241 1.78712 3.54578
-0.49 1.84527 1.13046 1.82301 3.63239
-0.48 1.85667 1.14888 1.85978 3.72149
-0.47 1.86825 1.16766 1.89745 3.81315
-0.46 1.88002 1.18683 1.93605 3.90747
-0.45 1.89199 1.20638 1.97561 4.00454
-0.44 1.90415 1.22634 2.01615 4.10444
-0.43 1.91652 1.24671 2.05771 4.20726
-0.42 1.92909 1.2675 2.10031 4.31312
-0.41 1.94187 1.28872 2.14398 4.42209
-0.4 1.95486 1.31038 2.18876 4.53431
-0.39 1.96808 1.3325 2.23468 4.64986
-0.38 1.98151 1.35508 2.28177 4.76887
-0.37 1.99518 1.37814 2.33007 4.89145
-0.36 2.00908 1.40169 2.37961 5.01773
-0.35 2.02322 1.42574 2.43043 5.14783
-0.34 2.0376 1.4503 2.48258 5.28189
-0.33 2.05222 1.47539 2.53609 5.42003
-0.32 2.0671 1.50103 2.591 5.56241
-0.31 2.08225 1.52722 2.64735 5.70917
-0.3 2.09765 1.55398 2.70519 5.86047
-0.29 2.11333 1.58133 2.76457 6.01645
-0.28 2.12928 1.60927 2.82554 6.1773
-0.27 2.14551 1.63784 2.88814 6.34318
-0.26 2.16204 1.66704 2.95242 6.51426
-0.25 2.17886 1.6969 3.01844 6.69075
-0.24 2.19598 1.72742 3.08625 6.87282
-0.23 2.21341 1.75863 3.15592 7.06069
-0.22 2.23115 1.79054 3.22749 7.25455
-0.21 2.24922 1.82318 3.30103 7.45463
-0.2 2.26762 1.85657 3.3766 7.66116
-0.19 2.28636 1.89072 3.45427 7.87437
-0.18 2.30544 1.92566 3.53411 8.0945
-0.17 2.32487 1.96141 3.61619 8.32181
-0.16 2.34467 1.99799 3.70057 8.55657
-0.15 2.36483 2.03543 3.78734 8.79905
-0.14 2.38538 2.07375 3.87658 9.04955
-0.13 2.40631 2.11297 3.96836 9.30836
-0.12 2.42764 2.15313 4.06278 9.57579
-0.11 2.44938 2.19424 4.15991 9.85217
-0.1 2.47153 2.23633 4.25985 10.1378
-0.09 2.49411 2.27944 4.3627 10.4332
-0.08 2.51712 2.3236 4.46855 10.7385
-0.07 2.54058 2.36882 4.5775 11.0542
-0.06 2.5645 2.41516 4.68967 11.3807
-0.05 2.58889 2.46263 4.80515 11.7185
-0.04 2.61376 2.51127 4.92408 12.0679
-0.03 2.63912 2.56112 5.04655 12.4294
-0.02 2.66499 2.61222 5.17271 12.8035
-0.01 2.69137 2.66459 5.30266 13.1906
1.64105e-015 2.71828 2.71828 5.43656 13.5914
0.01 2.74574 2.77333 5.57454 14.0063
0.02 2.77375 2.82979 5.71674 14.4359
0.03 2.80234 2.88768 5.86331 14.8808
0.04 2.83151 2.94707 6.01441 15.3416
0.05 2.86129 3.00799 6.1702 15.819
0.06 2.89168 3.07049 6.33084 16.3135
0.07 2.9227 3.13462 6.49653 16.826
0.08 2.95437 3.20044 6.66743 17.3572
0.09 2.98672 3.26799 6.84373 17.9077
0.1 3.01974 3.33733 7.02565 18.4785
0.11 3.05347 3.40852 7.21338 19.0704
0.12 3.08792 3.48162 7.40713 19.6842
0.13 3.12311 3.55668 7.60713 20.3208
0.14 3.15906 3.63378 7.81362 20.9813
0.15 3.19579 3.71298 8.02684 21.6666
0.16 3.23332 3.79434 8.24704 22.3777
0.17 3.27168 3.87794 8.47449 23.1159
0.18 3.31089 3.96386 8.70945 23.8822
0.19 3.35097 4.05216 8.95223 24.6778
0.2 3.39194 4.14293 9.20311 25.504
0.21 3.43384 4.23625 9.46242 26.3622
0.22 3.47668 4.33221 9.73047 27.2536
0.23 3.52049 4.43089 10.0076 28.1799
0.24 3.5653 4.53239 10.2942 29.1425
0.25 3.61115 4.6368 10.5906 30.1429
0.26 3.65805 4.74423 10.8972 31.183
0.27 3.70604 4.85478 11.2144 32.2644
0.28 3.75516 4.96856 11.5426 33.389
0.29 3.80542 5.08567 11.8823 34.5588
0.3 3.85688 5.20624 12.2339 35.7757
0.31 3.90956 5.33039 12.598 37.042
0.32 3.9635 5.45825 12.975 38.3598
0.33 4.01874 5.58994 13.3654 39.7316
0.34 4.07531 5.7256 13.7698 41.1597
0.35 4.13326 5.86538 14.1888 42.6469
0.36 4.19264 6.00943 14.6229 44.1959
0.37 4.25347 6.15789 15.0729 45.8094
0.38 4.31581 6.31094 15.5393 47.4906
0.39 4.3797 6.46874 16.0229 49.2427
0.4 4.4452 6.63146 16.5244 51.069
0.41 4.51235 6.79929 17.0446 52.9729
0.42 4.5812 6.97241 17.5842 54.9583
0.43 4.65182 7.15104 18.144 57.0291
0.44 4.72424 7.33537 18.725 59.1892
0.45 4.79854 7.52561 19.3281 61.4432
0.46 4.87478 7.722 19.9542 63.7954
0.47 4.953 7.92478 20.6044 66.2509
0.48 5.03329 8.13418 21.2796 68.8145
0.49 5.11571 8.35046 21.981 71.4916
0.5 5.20033 8.57389 22.7098 74.288
0.51 5.28721 8.80475 23.4672 77.2094
0.52 5.37645 9.04333 24.2545 80.2623
0.53 5.46811 9.28994 25.0729 83.4531
0.54 5.56227 9.5449 25.924 86.7889
0.55 5.65903 9.80854 26.8092 90.277
0.56 5.75847 10.0812 27.7301 93.9253
0.57 5.86069 10.3633 28.6883 97.7418
0.58 5.96577 10.6551 29.6855 101.735
0.59 6.07382 10.9571 30.7236 105.915
0.6 6.18495 11.2697 31.8045 110.291
0.61 6.29926 11.5933 32.9301 114.872
0.62 6.41685 11.9285 34.1026 119.671
0.63 6.53786 12.2756 35.3243 124.698
0.64 6.66241 12.6351 36.5974 129.966
0.65 6.79061 13.0077 37.9245 135.487
0.66 6.92261 13.3938 39.308 141.275
0.67 7.05853 13.794 40.7509 147.345
0.68 7.19854 14.209 42.2559 153.711
0.69 7.34277 14.6394 43.8262 160.39
0.7 7.49138 15.0858 45.4648 167.399
0.71 7.64454 15.5489 47.1753 174.756
0.72 7.80241 16.0295 48.9612 182.48
0.73 7.96519 16.5284 50.8262 190.592
0.74 8.13305 17.0463 52.7744 199.114
0.75 8.30618 17.5842 54.8099 208.068
0.76 8.4848 18.1428 56.9373 217.479
0.77 8.66911 18.7233 59.1611 227.373
0.78 8.85934 19.3264 61.4864 237.777
0.79 9.05572 19.9533 63.9185 248.721
0.8 9.25849 20.6051 66.4627 260.236
0.81 9.46791 21.283 69.1252 272.354
0.82 9.68424 21.9881 71.912 285.112
0.83 9.90776 22.7217 74.8297 298.546
0.84 10.1388 23.4851 77.8853 312.696
0.85 10.3776 24.2799 81.0861 327.605
0.86 10.6245 25.1074 84.4401 343.318
0.87 10.8798 25.9692 87.9553 359.883
0.88 11.144 26.867 91.6407 377.351
0.89 11.4173 27.8026 95.5055 395.777
0.9 11.7002 28.7778 99.5597 415.219
0.91 11.993 29.7945 103.814 435.739
0.92 12.2962 30.8547 108.278 457.403
0.93 12.6102 31.9608 112.966 480.283
0.94 12.9356 33.1148 117.888 504.453
0.95 13.2727 34.3194 123.059 529.995
0.96 13.6221 35.5769 128.493 556.994
0.97 13.9844 36.8901 134.204 585.542
0.98 14.3601 38.262 140.209 615.738
0.99 14.7499 39.6954 146.525 647.687
1 15.1543 41.1936 153.169 681.502
1.01 15.574 42.7599 160.162 717.303
1.02 16.0097 44.398 167.522 755.219
1.03 16.4622 46.1117 175.273 795.388
1.04 16.9322 47.9049 183.438 837.958
1.05 17.4206 49.7819 192.041 883.087
1.06 17.9281 51.7472 201.109 930.946
1.07 18.4558 53.8057 210.67 981.716
1.08 19.0046 55.9624 220.754 1035.59
1.09 19.5754 58.2226 231.393 1092.79
1.1 20.1694 60.5922 242.621 1153.52
1.11 20.7876 63.0771 254.476 1218.05
1.12 21.4313 65.6839 266.996 1286.61
1.13 22.1017 68.4194 280.222 1359.5
1.14 22.8002 71.2909 294.201 1437.01
1.15 23.528 74.3061 308.979 1519.47
1.16 24.2868 77.4733 324.608 1607.22
1.17 25.078 80.8013 341.142 1700.64
1.18 25.9034 84.2994 358.641 1800.13
1.19 26.7646 87.9775 377.167 1906.13
1.2 27.6636 91.8463 396.787 2019.11
1.21 28.6022 95.9171 417.574 2139.56
1.22 29.5826 100.202 439.605 2268.03
1.23 30.607 104.714 462.963 2405.12
1.24 31.6777 109.466 487.738 2551.44
1.25 32.7972 114.473 514.025 2707.7
1.26 33.9681 119.752 541.927 2874.63
1.27 35.1932 125.318 571.556 3053.02
1.28 36.4755 131.189 603.029 3243.75
1.29 37.8181 137.385 636.475 3447.74
1.3 39.2243 143.926 672.031 3666.02
1.31 40.6978 150.833 709.847 3899.68
1.32 42.2423 158.131 750.08 4149.9
1.33 43.8618 165.843 792.904 4417.97
1.34 45.5606 173.998 838.504 4705.29
1.35 47.3433 182.623 887.079 5013.38
1.36 49.2147 191.75 938.846 5343.87
1.37 51.1801 201.412 994.037 5698.55
1.38 53.2449 211.643 1052.9 6079.35
1.39 55.415 222.483 1115.72 6488.39
1.4 57.6967 233.972 1182.77 6927.96
1.41 60.0967 246.154 1254.39 7400.54
1.42 62.6222 259.076 1330.9 7908.84
1.43 65.2809 272.789 1412.69 8455.82
1.44 68.0808 287.349 1500.16 9044.69
1.45 71.0309 302.813 1593.74 9678.95
1.46 74.1403 319.245 1693.9 10362.4
1.47 77.4192 336.714 1801.16 11099.3
1.48 80.8783 355.294 1916.08 11894.1
1.49 84.5291 375.064 2039.26 12751.8
1.5 88.3838 396.109 2171.35 13677.9
1.51 92.4558 418.523 2313.06 14678.2
1.52 96.7592 442.405 2465.18 15759.3
1.53 101.309 467.864 2628.54 16928.3
1.54 106.122 495.016 2804.06 18192.9
1.55 111.216 523.989 2992.75 19561.7
1.56 116.608 554.918 3195.68 21044.1
1.57 122.321 587.954 3414.04 22650.2
1.58 128.375 623.255 3649.13 24391.4
1.59 134.794 660.997 3902.36 26279.9
1.6 141.604 701.368 4175.27 28329.4
1.61 148.831 744.573 4469.53 30554.7
1.62 156.505 790.836 4787 32972.3
1.63 164.659 840.397 5129.68 35600.2
1.64 173.325 893.521 5499.77 38458.3
1.65 182.542 950.492 5899.69 41568.4
1.66 192.349 1011.62 6332.06 44954.8
1.67 202.789 1077.25 6799.79 48644
1.68 213.91 1147.75 7306.05 52665.3
1.69 225.762 1223.51 7854.31 57051.4
1.7 238.399 1304.99 8448.41 61838
1.71 251.882 1392.65 9092.54 67064.7
1.72 266.275 1487.02 9791.32 72775.5
1.73 281.647 1588.67 10549.8 79018.9
1.74 298.074 1698.23 11373.6 85848.6
1.75 315.64 1816.38 12268.9 93324.4
1.76 334.433 1943.87 13242.5 101512
1.77 354.551 2081.52 14301.8 110486
1.78 376.101 2230.22 15455.1 120327
1.79 399.196 2390.97 16711.5 131125
1.8 423.964 2564.83 18081.1 142982
1.81 450.54 2753 19575.1 156010
1.82 479.076 2956.79 21205.7 170333
1.83 509.733 3177.62 22986.5 186091
1.84 542.69 3417.07 24932.8 203439
1.85 578.142 3676.88 27061.2 222550
1.86 616.302 3958.96 29390.3 243617
1.87 657.402 4265.42 31940.7 266857
1.88 701.699 4598.59 34735.5 292511
1.89 749.472 4961.03 37799.9 320850
1.9 801.027 5355.58 41162.4 352177
1.91 856.701 5785.38 44854.5 386830
1.92 916.863 6253.89 48911.4 425191
1.93 981.92 6764.95 53372.1 467687
1.94 1052.32 7322.82 58280.5 514798
1.95 1128.55 7932.21 63685.3 567062
1.96 1211.15 8598.36 69641 625087
1.97 1300.72 9327.07 76208.5 689556
1.98 1397.92 10124.8 83456.1 761239
1.99 1503.47 10998.7 91460.2 841002
